                                                                            Team Statistics:

+----------------+-----------------+--------+---------+-------------------+-------------------+--------+--------+-----------+---------------+------------+------+
|                | plusMinusPoints | points | assists | reboundsOffensive | reboundsDefensive | blocks | steals | turnovers | foulsPersonal | gamePlayed | win  |
+----------------+-----------------+--------+---------+-------------------+-------------------+--------+--------+-----------+---------------+------------+------+
| Denver Nuggets |      16.71      | 119.99 |  30.69  |       11.26       |       34.44       |  4.79  |  7.99  |   13.62   |     17.61     |    85.0    | 51.0 |
+----------------+-----------------+--------+---------+-------------------+-------------------+--------+--------+-----------+---------------+------------+------+

                                                                            Player Statistics:

+-------------------+-----------------+--------+---------+-------------------+-------------------+--------+--------+-----------+---------------+------------+------+
|     fullName      | plusMinusPoints | points | assists | reboundsOffensive | reboundsDefensive | blocks | steals | turnovers | foulsPersonal | gamePlayed | win  |
+-------------------+-----------------+--------+---------+-------------------+-------------------+--------+--------+-----------+---------------+------------+------+
|   Nikola Jokic    |      7.89       | 29.04  |  10.15  |       2.76        |       9.74        |  0.62  |  1.81  |   3.26    |     2.26      |    74.0    | 48.0 |
|  Christian Braun  |      5.67       | 14.98  |  2.52   |       1.23        |       3.89        |  0.46  |  1.07  |   1.01    |     2.17      |    83.0    | 50.0 |
|   Aaron Gordon    |      5.37       | 14.85  |  3.07   |        1.7        |       3.26        |  0.26  |  0.46  |   1.46    |     1.67      |    54.0    | 34.0 |
|   Jamal Murray    |      4.69       | 21.17  |  5.92   |       0.65        |        3.2        |  0.48  |  1.32  |   2.08    |      1.9      |    71.0    | 43.0 |
| Michael Porter Jr |      2.85       | 17.79  |  2.09   |       1.82        |       5.24        |  0.49  |  0.64  |   1.36    |     1.99      |    80.0    | 48.0 |
|   Jalen Pickett   |      0.24       |  2.72  |  1.44   |        0.2        |       0.77        |  0.07  |  0.25  |   0.36    |     0.53      |    75.0    | 46.0 |
|  DaRon Holmes II  |       0.0       |  0.0   |   0.0   |        0.0        |        0.0        |  0.0   |  0.0   |    0.0    |      0.0      |    1.0     | 1.0  |
|      PJ Hall      |      -0.04      |  0.73  |  0.09   |       0.13        |       0.36        |  0.09  |  0.0   |   0.04    |     0.24      |    45.0    | 26.0 |
|    Zeke Nnaji     |      -0.36      |  2.18  |  0.27   |        0.4        |       0.67        |  0.45  |  0.31  |   0.18    |     0.75      |    85.0    | 51.0 |
|  Trey Alexander   |      -0.5       |  0.64  |  0.22   |       0.02        |       0.22        |  0.02  |  0.04  |    0.1    |      0.2      |    50.0    | 32.0 |
| Russell Westbrook |      -0.51      | 13.15  |  5.92   |       1.38        |       3.53        |  0.47  |  1.4   |   3.15    |     2.47      |    78.0    | 44.0 |
|   Vlatko Cancar   |      -0.58      |  0.77  |  0.29   |       0.19        |       0.84        |  0.06  |  0.1   |   0.35    |     0.32      |    31.0    | 15.0 |
|  DeAndre Jordan   |      -0.6       |  2.46  |  0.62   |        1.0        |       2.36        |  0.32  |  0.19  |   0.48    |     0.89      |    85.0    | 51.0 |
|    Dario Saric    |      -0.61      |  0.7   |  0.29   |       0.18        |       0.45        |  0.01  |  0.09  |   0.19    |     0.24      |    80.0    | 48.0 |
|   Peyton Watson   |      -0.86      |  7.81  |  1.32   |       0.65        |       2.69        |  1.29  |  0.69  |   0.81    |     1.78      |    72.0    | 41.0 |
|   Spencer Jones   |      -1.02      |  0.59  |  0.11   |       0.18        |        0.2        |  0.11  |  0.11  |   0.11    |     0.39      |    44.0    | 29.0 |
| Julian Strawther  |      -1.07      |  8.4   |  1.19   |       0.26        |       1.79        |  0.24  |  0.56  |   0.81    |      2.2      |    70.0    | 44.0 |
|   Hunter Tyson    |      -1.25      |  1.58  |  0.24   |       0.29        |       0.62        |  0.07  |  0.12  |   0.18    |     0.52      |    85.0    | 51.0 |
+-------------------+-----------------+--------+---------+-------------------+-------------------+--------+--------+-----------+---------------+------------+------+
